---[scores for dropbox]---
P: 0.8032732377265837
R: 0.8547770700636943
F1: 0.8170919510570047
