---[scores for evernote]---
P: 0.883117757442943
R: 0.8679245283018868
F1: 0.8616680147460481
