---[scores for facebook]---
P: 0.9862145977229003
R: 0.9855769230769231
F1: 0.9851654675442381
