---[scores for gmail]---
P: 0.7997866278624076
R: 0.8525868178596739
F1: 0.8079243650526504
