---[scores for gplus]---
P: 0.5693715790708744
R: 0.6522346368715084
F1: 0.5744751925287364
