---[scores for twitter]---
P: 0.927572581324542
R: 0.9165009940357853
F1: 0.9201156514549429
